122680000 6219 1.471e-08
85430000 4144 1.136e-08
91890000 5117 1.449e-08
88280000 4781 1.333e-08
88920000 4624 1.176e-08
77570000 4047 1.408e-08
80970000 4466 1.333e-08
74330000 3649 1.205e-08
61070000 2956 9.01e-09
69330000 3417 1.282e-08
74390000 3379 1.19e-08
72500000 4012 1.149e-08
63240000 3620 1.111e-08
60970000 3141 1.124e-08
64190000 3313 1.25e-08
59630000 3104 1.111e-08
64290000 3552 1.124e-08
55840000 2875 1.136e-08
53740000 2983 1.075e-08
58130000 2988 1.075e-08
50860000 2812 9.8e-09
61440000 3385 1.19e-08
52290000 3039 9.8e-09
47700000 2755 8.85e-09
51630000 2932 9.52e-09
38960000 2151 8.2e-09
45880000 2570 8.47e-09
41180000 2382 7.63e-09
41850000 2338 8.7e-09
40210000 2157 7.35e-09
39900000 2226 7.75e-09
38810000 2186 7.3e-09
31380000 1810 6.54e-09
42120000 2609 8.55e-09
26530000 1659 4.65e-09
30810000 1731 6.49e-09
30900000 1737 7.25e-09
23910000 1421 4.5e-09
